displayProj = 32632

sql_shp_path = "/usr/bin/"

x_min = 728674

y_min = 4993185

x_max = 821289

y_max = 5086656

ll_displayProj = 4326

ll_x_min = 44.756486

ll_y_min = 10.601807

ll_x_max = 45.962606

ll_y_max = 14.306946

